$ANSIBLE_VAULT;1.1;AES256
64313031643436383731373035343066613061353636326263373664343664333363643665616337
3536636437363732373535623362343235643362326432330a623432616562643937663537623638
64386335626630366339653432633332666132333465613230633135663662303535626662373431
3962303934333639300a656635303464306463626664326536383530633233636638363637386536
61376432383962326633363134643232343734363461366165306430666235346163626332363836
33663031646632306333336366313933306465306238643538303865633866363931623832346266
33636438333461383738336231376337383262656433656131373739316231366539663330383666
65356363313739666133303739396164316133613932386534633766623832323437663764323531
38653339663933353639656561623233666531313737346665316465633932643334613163383766
34636164333332373166316439643165666661663337323034366635376336323863386435373739
39383534323432313565313564306138326430653065323935383561646234613532313232386561
39326564663835316232306162353562383839386439626637636638333432323662663232366462
37633835316630353461326561336430663439613237353234376364646162633965326332376336
37666131363134393736386534313733373931653539356431386237626539313662396333303530
32653536346238316538643635323964343234656565623463313038356336373333323039303439
30613561633737333066306661333263613265636562316664643462663961633264636433373465
63386132343639326462363833343730626161353237626265646366656534393830633464656430
64373338636135643138396633656464336262366261613132613130353064336438646665336230
61383961393861346430316163393737616338393438653735336263626563353766376334353939
63306364626534333661306332643261666537386661616266663034373532306434646238336537
36356361353262373936313939396432323863626461626130623164666131666532323530663630
65656565346235366335636261333538383931376530386562626637333761326638653237323133
65633564353062396165643965343033333836396263356532653363383836396664323831643633
63386331313932653265366134646466646162663031363432363236303864616135633733616462
39363361636565313633326131666637353361656338643766613836376661373037616633663166
62346562333666353338613637623461643230636362663764386530313133353461636535313166
31306435373062393539646538643130373066376361363764626534623563376330346530626131
32356633376462643339363261643830633938633735356239306461666131313962313664343330
34666639346139313564333765663166333539616430633761353333376364663236333238303331
64333435646531383235363166663538323537363965373039373535636339303735333366363461
64306135353035386234393166353636653035333262353565613631386435343730643661303536
34316536363062363534653838383638363438393932663465393135303639386530343830366130
30326362333934653964376333343334303536356635303462623237343730313033646661643366
61373132666139313035393761303163633530666630643731393962333237353331393233633036
61313965643762373737663566393231353634653337623930643861353433653662333463326461
32383430653635303536336233616664373564643764346538643266643537633331386362303466
39646234346335623537376362663561666464663136306664616433346533313165386162613731
64636263316437343630643463313262643438303339633533356337656230343166373532323263
33313839363934336538663132643638356664333936313237616464626137363761633765363939
64633063666130313034623030396364396535636136653639646563663564666131636539373130
33353735393564393764313565373063353964396139383261316331393138653739333862336565
64383437373637383361636166623534393338613538326636353630396230346434653865316634
33646266376164333161613232383534323933656333326336353830336132313532656339386361
61656537353830363263323063303132353730313134666238383935353661313630653061383835
37386534646633323263323066343932393833613831626666613532393334633733663835363663
64326236376130376438386337646530666634646339656132366634326533336635373633303538
61616338626261633161396662663164303166633861306233366434346165306631383736366433
35343837313633396139373534303662303235306261313365396635353265613565306135336666
65656635353537613166666535633565623666613037343136303562333635333934373732646462
35363766396535303431313530656632333462333861646564636639386135306138653661343430
65643562643437366631393232363637326664663234623662653362396435636338653333333337
34376531633932373034356534643931313163636431663362323832326635326137316265653864
38366461616538323538313138636464366335313439393630643935323432613966653461323062
37643833313332663365333663626664376235643634306338346562613137613535393964653834
61383566626235343666383737666130663065333035333236666631333833323962303233386264
30663735636332306565386230623762346434643839306362303130316533333639663832306564
64646662303833326265343363366534663961656534396233613232623266393536363065393939
39633035333034393765356362333035656432323636383736616435643363643834356365653738
65653534376562383230366536633932396237313266373630633733626262663137623435653263
30616632396134303932366666633365303962323135316538646265333531383938316164383437
64623937323735343530316639303438366233666663333764386562643938313432323931363535
66373130356235346336393035666432316637366433373231343339323239333738613261363032
30366134323631636237346636306136653937653832323135353337383662316531663031663331
64626534663661326535646464393366363065636331323031643266663132306162343662393737
38363362366334316633663661373938653264366665373234326133326235663432333630363162
66333835306266653733653935633731383961363361386533336638376436616432343435323165
64313939626462616433336232663131383639356462323133663263363930333630653461373963
64656231646462666561343836383662353362663839306663333565303134626165643234666363
31326263373561303339376234613333363935613763316564646235616430336337363064613034
33333963633138316133323865636235633464626634663339366132303137356139323431396434
38653761323136393966643538383931626635646662303966396634333237643037363936643539
33396131616266326630363763393864383665663763623536313036643264333466373131363361
37366637653430323733663937313435616631376231376634646137343435303834303038656165
34313631333239333031613938336333333161393230616635316563356334303062316537633137
63616339323234623862336338303135623866636632656265636434376630343933373935306137
34323539653336306431626263663938323866383833303564346662383430646633336535623261
35393662656534323235383764366632633935396566356238306632626635393932356561633162
62336164306430316534323531303166333438383339373032383037366336616136383563306263
31383766306534336631623338623533643434363735333439616165376334383134613836343866
34356330353131396630326137323130623834303565323330613463613662376663393732326438
36633931326266626537343435656632333033343966336265303834393166383030353838366365
62376161363263633433353762323138643738336533663430373432393932356364626131333739
32376130346431623833653131316166373236623036303634653465356265366133653065656263
38386638303136316539376330363835343436633631343335386634343063326539306338363662
63323165616465653166396262633662313764633935326663376236636430633433383431626631
39333864393663376261363662303262333163663364613765636163313664346137383163316130
62663233613533323932373330333636353839376363383732316235643830336238333237613436
64396632626233363230666333373237626262323332303661333566323033356635613235313564
32353337663038656532303365393030666131386661636265376265663662313962653162383837
61383938663265346234303136306637663662363233393038666239396432336335303233663761
61666231366565383164376332626136643963306330343430626531363362663439656135616363
34303538653865366165666366646331366466626364333139656235626162613637313039336462
30313264633265623363623130633866633361653337666665623765313538363030383536396361
30303039333934353138333965316439663164366331366662623031353734353266386361373231
61623962336332306365613436383231393762336532346364373437656535313031643935323362
36363837366230373933353964626439333439623436383763633532633439663538373832666663
33396438366264643930373339303663383263366433366230313133653732363837663032643435
39613864646665386533643366656334343366353435666339326637343265333434393939643765
33363436306630653831313435376139363533393631643736353133643532623734353762383063
65323437633031343163616661333664616463653031646565386565653337303961353765663363
65626231323030646636383264623434663937653861656130646631613338653664383532363266
39336338303034363032663065666162336438643631623834386330336361653535653163636338
65353232343766313939316130383639316339663439626263666435626263636233373963616466
30313762633436616139343832343630363235393031653733613261616262653633333439663766
30343937393037373132386636393462633563376339393730653261643835366337646639376564
33356561326130366363616563653062663232336639346433656336333734386137636537346138
37333562323866373833623636323738626562623530363833353039373862636535373830633561
31303735386565376639343864333563373232393165323933646334333563316536656430323031
62653335623732633264313434393433363664633537636138356139316364636364356335363831
32323761663536343361363233373339316562613835613039616130646639663430373632663663
61623631336563326635343961643831383264353731666638626637383437303838616563653037
33356132353636666636616161643730303861316532373532663765353532663933373038343336
33363239343865376265356639383237353735366332383062626261306361326637333736396531
39656466623735326532366462353739353335373130306439316364353239386535326564613837
62646564393461633036303561326237323466333565623434653838646563306632356461623564
61316264316563663934396537336536613136643165383238323838393934366436623361663338
62396631356663393866396533633338383839373630343063346536316136613239626265613534
35353034313134323436303332363938666662323237613164376236656638376234346635343865
37303931613262613262393932366331383062643435326533363131376566313232326363323731
34313761343232623666333334663861356566613832323765373838386437323431393533363832
62393032646431306235653330303536353134373932356538303433653666643639386136313137
33336539626436323338666131326132633966376432636636623265663838313130336630356665
32373935633137383162333737373661323337303637663061353235613039636165316362333631
65346339396234336232306338633236366336633262393135366532616239616164636339633730
62393437333037393166373966666638386333316438633230623935343635383138353135656466
66363133363462623765383930333132313136303934313461356465333534663732653230656262
30356633663062613235353332666536316566363336343830363537386436303935396361653131
33376161393964376630656230643331663031663139326364646337623866323532366536383864
61316663313161633630616435316331366439653239366433326131626332626634636262363661
31396535313064393133303333303231393965326131363664636365666236323337313731343734
33366164393931613131386233303435336532333461393464666266396161303939313462323664
63663231653335653733383263343761656631323561343038636438326137336130393233383264
65383662363732343363363033633363363462646163316233386166316466343566
